25
40
2
1 2 110.0 204.0
1 6 156.0 290.0
2 3 100.0 90.0
2 7 86.0 34.0
3 4 68.0 234.0
3 8 96.0 171.0
4 5 271.0 84.0
4 9 153.0 236.0
5 10 132.0 118.0
6 11 81.0 125.0
6 7 260.0 273.0
7 8 248.0 270.0
7 12 64.0 131.0
8 9 280.0 195.0
8 13 165.0 225.0
9 10 252.0 157.0
9 14 188.0 126.0
10 15 98.0 262.0
11 16 260.0 46.0
11 12 107.0 135.0
12 17 258.0 120.0
12 13 150.0 257.0
13 14 51.0 289.0
13 18 238.0 99.0
14 15 144.0 74.0
14 19 259.0 7.0
15 20 252.0 38.0
16 21 248.0 32.0
16 17 18.0 194.0
17 22 64.0 17.0
17 18 74.0 84.0
18 23 157.0 199.0
18 19 52.0 126.0
19 20 58.0 14.0
19 24 63.0 230.0
20 25 97.0 150.0
21 22 289.0 158.0
22 23 220.0 273.0
23 24 52.0 264.0
24 25 297.0 176.0
