25
40
2
1 2 145.0 170.0
1 6 57.0 240.0
2 3 232.0 24.0
2 7 21.0 96.0
3 4 96.0 145.0
3 8 160.0 160.0
4 5 271.0 115.0
4 9 59.0 1.0
5 10 2.0 194.0
6 11 272.0 220.0
6 7 205.0 173.0
7 8 54.0 119.0
7 12 88.0 262.0
8 9 279.0 211.0
8 13 84.0 255.0
9 10 290.0 65.0
9 14 169.0 35.0
10 15 275.0 278.0
11 16 5.0 276.0
11 12 186.0 127.0
12 17 75.0 89.0
12 13 244.0 102.0
13 14 73.0 77.0
13 18 165.0 182.0
14 15 111.0 286.0
14 19 188.0 170.0
15 20 257.0 168.0
16 21 211.0 194.0
16 17 10.0 11.0
17 22 99.0 120.0
17 18 297.0 224.0
18 23 60.0 64.0
18 19 98.0 4.0
19 20 296.0 171.0
19 24 290.0 76.0
20 25 290.0 242.0
21 22 31.0 210.0
22 23 286.0 153.0
23 24 198.0 200.0
24 25 175.0 77.0
