25
40
2
1 2 8.0 255.0
1 6 105.0 264.0
2 3 148.0 137.0
2 7 141.0 257.0
3 4 130.0 237.0
3 8 80.0 245.0
4 5 152.0 258.0
4 9 176.0 240.0
5 10 291.0 268.0
6 11 19.0 221.0
6 7 87.0 127.0
7 8 167.0 215.0
7 12 249.0 144.0
8 9 98.0 244.0
8 13 15.0 186.0
9 10 174.0 213.0
9 14 53.0 274.0
10 15 295.0 233.0
11 16 281.0 281.0
11 12 98.0 227.0
12 17 223.0 64.0
12 13 13.0 108.0
13 14 87.0 149.0
13 18 139.0 287.0
14 15 77.0 102.0
14 19 228.0 79.0
15 20 285.0 135.0
16 21 7.0 206.0
16 17 211.0 68.0
17 22 275.0 296.0
17 18 159.0 41.0
18 23 11.0 242.0
18 19 190.0 90.0
19 20 130.0 179.0
19 24 187.0 135.0
20 25 232.0 188.0
21 22 164.0 101.0
22 23 219.0 74.0
23 24 16.0 230.0
24 25 229.0 126.0
